00
2c
50
0a
cc
00
02
0d
18
f8
90
10
b2
00
00
00
00
00
00
00
00
42
00
00
00
0a
46
43
45
4c
20
20
20
20
00
00
33
90
00
00
00
00
00
00
45
84
00
2c
50
0a
cc
00
04
0d
18
f8
90
10
b2
00
00
00
00
00
00
00
00
42
00
00
00
0a
46
43
45
4c
20
20
20
20
00
00
34
58
00
00
00
00
00
00
45
85
00
24
41
0a
cc
00
00
0d
18
f8
91
ee
cf
00
00
00
00
00
00
9e
16
42
00
00
0b
b8
46
43
45
4c
20
20
20
20
00
00
34
58
00
24
41
0b
b2
00
00
0d
18
f8
9c
27
98
00
00
00
00
00
00
9e
1a
53
00
00
09
60
46
4d
53
20
20
20
20
20
00
05
a0
a0
00
24
41
0b
b2
00
00
0d
18
f8
9c
2e
3f
00
00
00
00
00
00
9e
1e
42
00
00
00
c8
46
4d
53
20
20
20
20
20
00
05
9e
48
00
24
41
0b
b2
00
00
0d
18
f8
b9
47
f6
00
00
00
00
00
00
9e
22
42
00
00
02
bc
46
4d
53
20
20
20
20
20
00
05
9d
e4
00
24
41
0b
b2
00
00
0d
18
f8
b9
58
1c
00
00
00
00
00
00
9e
26
53
00
00
09
60
46
4d
53
20
20
20
20
20
00
05
a1
04
00
24
41
0b
b2
00
00
0d
18
f8
d8
45
5c
00
00
00
00
00
00
9e
2a
53
00
00
09
60
46
4d
53
20
20
20
20
20
00
05
a1
68
00
24
41
0b
b2
00
00
0d
18
f8
d8
4a
61
00
00
00
00
00
00
9e
2e
42
00
00
02
58
46
4d
53
20
20
20
20
20
00
05
9d
80
00
24
41
0b
b2
00
00
0d
18
f8
f6
cb
5a
00
00
00
00
00
00
9e
32
53
00
00
09
60
46
4d
53
20
20
20
20
20
00
05
a1
cc
00
24
41
10
b7
00
00
0d
18
f9
0d
21
52
00
00
00
00
00
00
9e
36
53
00
00
07
d0
49
54
4d
52
20
20
20
20
00
01
ec
30
00
24
41
1d
16
00
00
0d
18
f9
14
d8
56
00
00
00
00
00
00
89
40
42
00
00
0b
b8
53
50
58
53
20
20
20
20
00
01
ff
54
00
24
41
10
d3
00
00
0d
18
f9
16
2c
1d
00
00
00
00
00
00
9e
3a
42
00
00
01
2c
49
56
56
20
20
20
20
20
00
31
80
44
00
24
41
01
a2
00
00
0d
18
f9
a9
ed
16
00
00
00
00
00
00
dd
cd
53
00
00
01
2c
41
4e
59
20
20
20
20
20
00
00
2a
f8
00
24
41
03
5a
00
00
0d
18
f9
d4
df
28
00
00
00
00
00
00
de
49
53
00
00
00
64
42
48
56
4e
20
20
20
20
00
09
d7
88
00
24
41
01
45
00
00
0d
18
f9
d7
ba
ed
00
00
00
00
00
00
de
75
42
00
00
00
32
41
4c
56
20
20
20
20
20
00
0c
0d
f0
00
24
41
1e
d8
00
00
0d
18
f9
f6
a2
d1
00
00
00
00
00
00
89
d8
53
00
00
03
e8
54
4f
4f
20
20
20
20
20
00
00
3c
8c
00
24
41
1e
d8
00
00
0d
18
f9
f7
22
33
00
00
00
00
00
00
89
dc
53
00
00
88
b8
54
4f
4f
20
20
20
20
20
00
00
3c
8c
00
24
41
1e
d8
00
00
0d
18
f9
f7
dc
82
00
00
00
00
00
00
89
e0
53
00
00
01
f4
54
4f
4f
20
20
20
20
20
00
00
3c
8c
00
24
41
17
03
00
00
0d
18
fa
51
44
bc
00
00
00
00
00
00
bd
bb
53
00
00
0c
80
4f
52
41
4e
20
20
20
20
00
02
88
70
00
24
41
1f
5c
00
00
0d
18
fa
f7
61
54
00
00
00
00
00
00
8c
28
53
00
00
0f
a0
54
56
49
58
20
20
20
20
00
12
db
bc
00
24
41
22
7b
00
00
0d
18
fb
13
79
95
00
00
00
00
00
00
8c
c4
42
00
00
00
0a
59
4e
44
58
20
20
20
20
00
04
b0
64
00
24
41
22
7b
00
00
0d
18
fb
14
bf
ef
00
00
00
00
00
00
8c
c8
42
00
00
00
0a
59
4e
44
58
20
20
20
20
00
04
91
88
00
24
41
22
7b
00
00
0d
18
fb
15
47
67
00
00
00
00
00
00
8c
cc
42
00
00
00
0a
59
4e
44
58
20
20
20
20
00
04
21
6c
00
24
41
1f
d0
00
00
0d
18
fb
4b
21
e8
00
00
00
00
00
00
8c
d0
42
00
00
02
58
55
4c
20
20
20
20
20
20
00
08
c9
38
00
13
44
02
e3
00
00
0d
18
fb
4b
92
c3
00
00
00
00
00
00
b6
fd
00
13
44
1f
d0
00
00
0d
18
fb
4b
e6
3b
00
00
00
00
00
00
4e
90
00
24
41
02
e3
00
00
0d
18
fb
4c
32
f7
00
00
00
00
00
00
e1
89
53
00
00
01
f4
42
42
4c
20
20
20
20
20
00
07
37
a8
00
13
44
20
e7
00
00
0d
18
fb
4c
91
07
00
00
00
00
00
00
64
dc
00
24
41
20
e7
00
00
0d
18
fb
4c
db
72
00
00
00
00
00
00
8c
d4
53
00
00
02
bc
56
4f
44
20
20
20
20
20
00
02
fe
04
00
23
55
03
e0
00
00
0d
18
fb
4d
a8
9f
00
00
00
00
00
00
27
05
00
00
00
00
00
00
e1
8d
00
00
01
f4
00
05
c6
e8
00
13
44
1a
5c
00
00
0d
18
fb
4f
c6
11
00
00
00
00
00
00
97
f7
00
13
44
0e
e8
00
00
0d
18
fb
50
21
4a
00
00
00
00
00
00
7a
22
00
24
41
0e
e8
00
00
0d
18
fb
50
7a
7a
00
00
00
00
00
00
a2
7e
42
00
00
01
f4
48
53
42
43
20
20
20
20
00
05
f7
58
00
24
41
1a
5c
00
00
0d
18
fb
50
98
a8
00
00
00
00
00
00
bf
07
53
00
00
01
f4
52
49
4f
20
20
20
20
20
00
09
0f
ec
00
13
44
0e
e8
00
00
0d
18
fb
50
d6
64
00
00
00
00
00
00
7a
06
00
24
41
0e
e8
00
00
0d
18
fb
51
26
fd
00
00
00
00
00
00
a2
82
53
00
00
01
f4
48
53
42
43
20
20
20
20
00
05
f9
4c
00
13
44
1a
0e
00
00
0d
18
fb
51
53
57
00
00
00
00
00
00
b7
1f
00
24
41
1a
0e
00
00
0d
18
fb
52
16
5f
00
00
00
00
00
00
bf
0b
53
00
00
02
58
52
45
4c
58
20
20
20
20
00
03
d8
c4
00
24
41
21
c6
00
00
0d
18
fb
52
9a
22
00
00
00
00
00
00
8c
d8
42
00
00
03
e8
57
50
50
20
20
20
20
20
00
0a
bb
44
00
13
44
21
c6
00
00
0d
18
fb
54
24
f3
00
00
00
00
00
00
69
8c
00
13
44
07
ae
00
00
0d
18
fb
57
12
3e
00
00
00
00
00
00
cb
ed
00
24
41
07
ae
00
00
0d
18
fb
57
60
c7
00
00
00
00
00
00
e1
91
42
00
00
01
f4
44
45
4f
20
20
20
20
20
00
19
bc
ac
00
23
55
07
ae
00
00
0d
18
fb
58
94
b9
00
00
00
00
00
00
cf
f5
00
00
00
00
00
00
e1
95
00
00
01
f4
00
19
c6
70
00
24
41
1a
0e
00
00
0d
18
fb
68
5b
8f
00
00
00
00
00
00
bf
0f
53
00
00
01
2c
52
45
4c
58
20
20
20
20
00
03
d9
f0
00
17
58
13
44
00
00
0d
18
fc
35
67
f7
00
00
00
00
00
00
bc
2f
00
00
01
2c
00
17
58
13
44
00
00
0d
18
fc
42
60
14
00
00
00
00
00
00
bc
2f
00
00
03
84
00
24
41
03
09
00
00
0d
18
fc
8c
0f
72
00
00
00
00
00
00
e1
d1
53
00
00
04
b0
42
43
53
20
20
20
20
20
00
01
73
18
00
24
41
15
80
00
00
0d
18
fc
f5
13
c4
00
00
00
00
00
00
c0
47
42
00
00
00
69
4e
47
47
20
20
20
20
20
00
09
94
58
00
23
55
15
80
00
00
0d
18
fd
0b
b3
e1
00
00
00
00
00
00
00
b7
00
00
00
00
00
00
c0
4b
00
00
03
e8
00
09
94
bc
00
24
41
07
85
00
00
0d
18
fd
6f
3b
48
00
00
00
00
00
00
e1
d5
53
00
00
01
90
44
42
56
54
20
20
20
20
00
01
a9
00
00
17
58
1e
93
00
00
0d
18
fd
d7
4a
e7
00
00
00
00
00
00
1d
64
00
00
00
64
00
17
58
14
b5
00
00
0d
18
fd
e3
9d
61
00
00
00
00
00
00
91
63
00
00
04
b0
00
13
44
04
53
00
00
0d
18
fd
e4
c6
84
00
00
00
00
00
00
c2
9d
00
13
44
03
09
00
00
0d
18
fd
e7
10
67
00
00
00
00
00
00
e1
d1
00
13
44
1e
93
00
00
0d
18
fd
e8
f0
12
00
00
00
00
00
00
1d
64
00
24
41
1e
93
00
00
0d
18
fd
ec
2a
1c
00
00
00
00
00
00
8c
e4
42
00
00
06
a4
54
49
47
4f
20
20
20
20
00
07
47
ac
00
24
41
04
53
00
00
0d
18
fe
08
a8
25
00
00
00
00
00
00
e1
d9
53
00
00
03
e2
42
55
44
20
20
20
20
20
00
0c
a0
08
00
24
41
13
44
00
00
0d
18
ff
7a
f8
86
00
00
00
00
00
00
c2
1b
53
00
00
13
88
4c
59
47
20
20
20
20
20
00
00
80
e8
00
24
41
05
20
00
00
0d
18
ff
a1
de
0c
00
00
00
00
00
00
e4
b1
42
00
00
00
64
43
45
4c
20
20
20
20
20
00
00
54
c4
00
24
41
0f
42
00
00
0d
19
00
2d
cf
6b
00
00
00
00
00
00
a9
c2
53
00
00
00
96
49
20
20
20
20
20
20
20
00
01
d4
c0
00
24
41
22
7b
00
00
0d
19
00
3b
f4
b1
00
00
00
00
00
00
91
ac
42
00
00
00
0a
59
4e
44
58
20
20
20
20
00
04
59
ac
00
24
41
0d
33
00
00
0d
19
00
7a
35
ac
00
00
00
00
00
00
ab
02
53
00
00
03
e8
47
4c
4f
47
20
20
20
20
00
01
d3
94
00
24
41
19
c1
00
00
0d
19
00
7c
b7
48
00
00
00
00
00
00
c7
ff
53
00
00
0f
a0
52
41
44
20
20
20
20
20
00
03
34
50
00
24
41
1f
5c
00
00
0d
19
00
a6
dd
5d
00
00
00
00
00
00
93
88
53
00
00
00
0c
54
56
49
58
20
20
20
20
02
eb
ae
40
00
24
41
16
57
00
00
0d
19
02
54
2f
5f
00
00
00
00
00
00
ca
5f
42
00
00
00
f4
4e
56
53
20
20
20
20
20
00
0e
8e
90
00
17
58
16
57
00
00
0d
19
02
57
15
fa
00
00
00
00
00
00
ac
e7
00
00
00
01
00
24
41
16
57
00
00
0d
19
02
63
7a
1a
00
00
00
00
00
00
ca
63
42
00
00
03
e8
4e
56
53
20
20
20
20
20
00
0e
8e
90
00
13
44
16
57
00
00
0d
19
02
64
12
5a
00
00
00
00
00
00
9c
23
00
17
58
09
dc
00
00
0d
19
02
9d
a6
e0
00
00
00
00
00
00
82
22
00
00
00
64
00
17
58
09
dc
00
00
0d
19
02
a7
b5
9d
00
00
00
00
00
00
82
22
00
00
05
dc
00
24
41
21
2e
00
00
0d
19
03
de
9c
9f
00
00
00
00
00
00
94
54
53
00
00
01
90
56
54
57
4f
20
20
20
20
00
14
5e
74
00
24
41
09
dc
00
00
0d
19
04
30
ac
85
00
00
00
00
00
00
ac
b2
53
00
00
03
e8
45
52
49
43
20
20
20
20
00
01
58
88
00
17
58
09
dc
00
00
0d
19
04
31
2d
80
00
00
00
00
00
00
26
ee
00
00
03
e8
00
17
58
14
b5
00
00
0d
19
04
c0
5f
41
00
00
00
00
00
00
91
63
00
00
00
64
00
24
41
0e
bb
00
00
0d
19
05
08
98
40
00
00
00
00
00
00
ac
c2
53
00
00
00
64
48
4d
59
20
20
20
20
20
00
00
8a
48
00
24
41
0c
e7
00
00
0d
19
05
14
81
4e
00
00
00
00
00
00
ac
c6
53
00
00
03
e8
47
46
49
20
20
20
20
20
00
01
02
fc
00
24
41
05
7a
00
00
0d
19
05
b1
b5
a7
00
00
00
00
00
00
ef
f5
42
00
00
03
e8
43
48
4b
20
20
20
20
20
00
00
1f
40
00
24
41
07
6f
00
00
0d
19
05
b3
62
e6
00
00
00
00
00
00
f0
01
42
00
00
00
96
44
42
20
20
20
20
20
20
00
01
18
dc
00
24
41
07
6f
00
00
0d
19
05
b4
15
91
00
00
00
00
00
00
f0
05
42
00
00
00
64
44
42
20
20
20
20
20
20
00
00
e9
34
00
24
41
07
6f
00
00
0d
19
05
b4
9a
9f
00
00
00
00
00
00
f0
09
42
00
00
00
fa
44
42
20
20
20
20
20
20
00
01
10
44
00
13
44
1a
fe
00
00
0d
19
06
14
fa
9a
00
00
00
00
00
00
36
87
00
24
41
1a
fe
00
00
0d
19
06
17
53
a0
00
00
00
00
00
00
cb
ef
53
00
00
00
c8
52
59
41
41
59
20
20
20
00
0d
86
1c
00
13
44
1e
fb
00
00
0d
19
06
1b
7e
a9
00
00
00
00
00
00
85
90
00
24
41
1a
5c
00
00
0d
19
06
28
bf
5f
00
00
00
00
00
00
cb
f3
53
00
00
00
64
52
49
4f
20
20
20
20
20
00
09
10
50
00
13
44
15
80
00
00
0d
19
06
2b
97
c5
00
00
00
00
00
00
ac
33
00
24
41
07
ae
00
00
0d
19
06
2c
3f
a6
00
00
00
00
00
00
f1
95
42
00
00
00
64
44
45
4f
20
20
20
20
20
00
19
bc
ac
00
13
44
07
ae
00
00
0d
19
06
2c
60
1a
00
00
00
00
00
00
cb
d9
00
24
41
15
80
00
00
0d
19
06
2c
63
dd
00
00
00
00
00
00
cb
fb
42
00
00
00
64
4e
47
47
20
20
20
20
20
00
09
93
f4
00
24
41
07
ae
00
00
0d
19
06
2d
54
79
00
00
00
00
00
00
f1
9d
53
00
00
00
64
44
45
4f
20
20
20
20
20
00
19
c8
64
00
17
58
14
b5
00
00
0d
19
06
7c
18
03
00
00
00
00
00
00
91
63
00
00
00
64
00
17
58
15
80
00
00
0d
19
06
7f
1d
fe
00
00
00
00
00
00
c0
47
00
00
00
05
00
23
55
01
45
00
00
0d
19
06
8e
ee
f3
00
00
00
00
00
00
28
7d
00
00
00
00
00
00
f2
a5
00
00
00
c8
00
0d
10
24
00
17
58
14
b5
00
00
0d
19
06
94
b2
08
00
00
00
00
00
00
91
5f
00
00
00
c8
00
17
58
09
d0
00
00
0d
19
06
9b
a8
d2
00
00
00
00
00
00
93
9a
00
00
00
c8
00
24
41
16
89
00
00
0d
19
06
9d
e3
12
00
00
00
00
00
00
cc
bb
42
00
00
02
9b
4f
41
53
20
20
20
20
20
00
00
4e
84
00
24
41
19
45
00
00
0d
19
06
a9
4f
a7
00
00
00
00
00
00
cd
13
53
00
00
01
93
50
55
4d
50
20
20
20
20
00
01
d8
a8
00
24
41
14
b5
00
00
0d
19
06
a9
58
71
00
00
00
00
00
00
cd
17
42
00
00
03
84
4d
54
20
20
20
20
20
20
00
02
b3
cc
00
17
58
14
b5
00
00
0d
19
06
aa
9b
26
00
00
00
00
00
00
ac
ef
00
00
02
58
00
13
44
14
b5
00
00
0d
19
06
b2
a0
9d
00
00
00
00
00
00
7a
ef
00
24
41
14
b5
00
00
0d
19
06
b3
9a
8c
00
00
00
00
00
00
cd
27
42
00
00
01
f4
4d
54
20
20
20
20
20
20
00
02
b3
cc
00
17
58
14
b5
00
00
0d
19
07
10
80
1a
00
00
00
00
00
00
cd
17
00
00
01
2c
00
17
58
09
d0
00
00
0d
19
07
4e
f0
f8
00
00
00
00
00
00
93
9a
00
00
01
2c
00
13
44
1c
fb
00
00
0d
19
08
28
eb
30
00
00
00
00
00
00
62
08
00
13
44
15
80
00
00
0d
19
08
2d
a8
a5
00
00
00
00
00
00
c0
47
00
24
41
1c
fb
00
00
0d
19
08
2d
d8
45
00
00
00
00
00
00
99
0c
53
00
00
00
64
53
50
4f
54
20
20
20
20
00
17
4d
a0
00
17
58
02
e3
00
00
0d
19
08
2e
11
66
00
00
00
00
00
00
d6
fd
00
00
01
90
00
24
41
15
80
00
00
0d
19
08
48
6d
01
00
00
00
00
00
00
cf
0b
42
00
00
00
6e
4e
47
47
20
20
20
20
20
00
09
93
f4
00
17
58
09
d0
00
00
0d
19
08
4a
5d
e6
00
00
00
00
00
00
93
9a
00
00
00
64
00
24
41
19
40
00
00
0d
19
08
d8
a8
c1
00
00
00
00
00
00
cf
83
42
00
00
03
e8
50
55
4b
20
20
20
20
20
00
05
ca
08
00
13
44
19
40
00
00
0d
19
08
da
24
96
00
00
00
00
00
00
8d
0b
00
17
58
13
44
00
00
0d
19
08
ef
48
ad
00
00
00
00
00
00
c2
1b
00
00
01
90
00
17
58
13
44
00
00
0d
19
08
fc
ad
fd
00
00
00
00
00
00
c2
1b
00
00
00
64
00
24
41
03
09
00
00
0d
19
09
1c
d1
1b
00
00
00
00
00
00
f3
f5
53
00
00
04
b0
42
43
53
20
20
20
20
20
00
01
73
18
00
24
41
19
17
00
00
0d
19
09
1d
15
f1
00
00
00
00
00
00
cf
af
53
00
00
02
bc
50
53
4f
20
20
20
20
20
00
01
4b
40
00
13
44
15
80
00
00
0d
19
09
77
94
61
00
00
00
00
00
00
cf
0b
00
13
44
19
17
00
00
0d
19
09
b3
b1
24
00
00
00
00
00
00
cf
af
00
13
44
03
09
00
00
0d
19
09
d4
03
88
00
00
00
00
00
00
f3
f5
00
13
44
19
40
00
00
0d
19
0a
45
8b
3e
00
00
00
00
00
00
a1
1b
00
24
41
19
40
00
00
0d
19
0a
46
39
b8
00
00
00
00
00
00
cf
b3
53
00
00
03
e8
50
55
4b
20
20
20
20
20
00
05
cc
c4
00
24
41
1a
5c
00
00
0d
19
0a
47
32
34
00
00
00
00
00
00
cf
b7
42
00
00
01
f4
52
49
4f
20
20
20
20
20
00
09
0c
cc
00
24
41
07
17
00
00
0d
19
0a
47
3a
fb
00
00
00
00
00
00
f3
f9
42
00
00
03
e8
43
55
4b
20
20
20
20
20
00
07
71
78
00
24
41
19
f4
00
00
0d
19
0a
47
90
a2
00
00
00
00
00
00
cf
bb
42
00
00
01
2c
52
44
53
2e
42
20
20
20
00
09
22
48
00
13
44
07
17
00
00
0d
19
0a
47
de
5e
00
00
00
00
00
00
b2
a5
00
13
44
19
f4
00
00
0d
19
0a
48
30
be
00
00
00
00
00
00
03
cf
00
24
41
15
80
00
00
0d
19
0a
48
37
81
00
00
00
00
00
00
cf
bf
42
00
00
00
64
4e
47
47
20
20
20
20
20
00
09
94
58
00
13
44
1a
5c
00
00
0d
19
0a
48
4d
2e
00
00
00
00
00
00
87
7b
00
24
41
02
e3
00
00
0d
19
0a
48
ae
4a
00
00
00
00
00
00
f3
fd
42
00
00
01
90
42
42
4c
20
20
20
20
20
00
07
34
ec
00
24
41
0e
e8
00
00
0d
19
0a
4a
10
12
00
00
00
00
00
00
b1
de
42
00
00
01
f4
48
53
42
43
20
20
20
20
00
05
f7
58
00
13
44
0e
e8
00
00
0d
19
0a
4a
85
7b
00
00
00
00
00
00
7a
26
00
13
44
0f
eb
00
00
0d
19
0a
4b
0f
17
00
00
00
00
00
00
8e
4e
00
24
41
0f
eb
00
00
0d
19
0a
4d
23
ec
00
00
00
00
00
00
b1
e2
42
00
00
02
bc
49
48
47
20
20
20
20
20
00
0a
8f
84
00
24
41
19
40
00
00
0d
19
0a
5d
01
32
00
00
00
00
00
00
cf
c3
53
00
00
05
78
50
55
4b
20
20
20
20
20
00
05
cd
f0
00
24
41
03
e0
00
00
0d
19
0a
7a
d9
6e
00
00
00
00
00
00
f4
01
42
00
00
00
c8
42
50
20
20
20
20
20
20
00
05
c4
f4
00
24
41
1a
0e
00
00
0d
19
0a
7c
3e
1d
00
00
00
00
00
00
cf
c7
42
00
00
01
f4
52
45
4c
58
20
20
20
20
00
03
d6
d0
00
17
58
1a
0e
00
00
0d
19
0a
7d
b1
27
00
00
00
00
00
00
b7
2b
00
00
00
c8
00
17
58
1a
0e
00
00
0d
19
0a
7d
ba
dc
00
00
00
00
00
00
b7
33
00
00
01
2c
00
24
41
19
17
00
00
0d
19
0a
7f
38
1d
00
00
00
00
00
00
cf
cb
42
00
00
03
e8
50
53
4f
20
20
20
20
20
00
01
4a
78
00
24
41
21
c6
00
00
0d
19
0a
81
5c
e9
00
00
00
00
00
00
99
10
42
00
00
03
b7
57
50
50
20
20
20
20
20
00
0a
bb
44
00
13
44
21
c6
00
00
0d
19
0a
83
ed
3b
00
00
00
00
00
00
85
d8
00
24
41
05
7a
00
00
0d
19
0b
50
dc
5a
00
00
00
00
00
00
f4
11
53
00
00
00
c8
43
48
4b
20
20
20
20
20
00
00
35
20
00
24
41
02
23
00
00
0d
19
0b
75
66
64
00
00
00
00
00
00
f4
49
42
00
00
03
e8
41
53
4d
4c
20
20
20
20
00
2d
60
04
00
13
44
02
23
00
00
0d
19
0b
75
c6
17
00
00
00
00
00
00
d0
91
00
13
44
0d
d8
00
00
0d
19
0b
76
90
55
00
00
00
00
00
00
8e
52
00
24
41
0d
d8
00
00
0d
19
0b
77
62
93
00
00
00
00
00
00
b1
ee
53
00
00
03
e8
47
53
4b
20
20
20
20
20
00
07
36
7c
00
24
41
01
16
00
00
0d
19
0b
77
f0
00
00
00
00
00
00
00
f4
4d
42
00
00
03
e8
41
4c
43
20
20
20
20
20
00
08
b4
20
00
13
44
01
16
00
00
0d
19
0b
78
76
54
00
00
00
00
00
00
32
f1
00
13
44
01
45
00
00
0d
19
0b
78
b2
71
00
00
00
00
00
00
28
e5
00
24
41
01
45
00
00
0d
19
0b
78
fe
51
00
00
00
00
00
00
f4
51
53
00
00
00
c8
41
4c
56
20
20
20
20
20
00
0d
1d
08
00
13
44
1b
30
00
00
0d
19
0b
7a
19
20
00
00
00
00
00
00
00
ef
00
24
41
1b
30
00
00
0d
19
0b
7b
1e
c6
00
00
00
00
00
00
cf
cf
42
00
00
03
e8
53
41
50
20
20
20
20
20
00
14
9c
90
00
24
41
20
e7
00
00
0d
19
0b
7b
bd
46
00
00
00
00
00
00
99
14
42
00
00
02
bc
56
4f
44
20
20
20
20
20
00
02
fc
d8
00
13
44
0d
61
00
00
0d
19
0b
7b
d3
91
00
00
00
00
00
00
06
72
00
24
41
07
ae
00
00
0d
19
0b
7c
1a
7c
00
00
00
00
00
00
f4
55
42
00
00
01
f4
44
45
4f
20
20
20
20
20
00
19
bd
10
00
13
44
20
e7
00
00
0d
19
0b
7c
77
89
00
00
00
00
00
00
62
8c
00
24
41
0d
61
00
00
0d
19
0b
7c
97
9b
00
00
00
00
00
00
b2
06
42
00
00
03
84
47
4e
46
54
20
20
20
20
00
03
17
04
00
13
44
07
ae
00
00
0d
19
0b
7c
cb
de
00
00
00
00
00
00
e1
91
00
13
44
1d
7f
00
00
0d
19
0b
7d
13
c4
00
00
00
00
00
00
06
ec
00
24
41
1d
7f
00
00
0d
19
0b
7d
52
74
00
00
00
00
00
00
99
18
42
00
00
01
f4
53
54
4d
20
20
20
20
20
00
04
1c
bc
00
24
41
19
f4
00
00
0d
19
0b
7d
b7
aa
00
00
00
00
00
00
cf
d3
42
00
00
01
2c
52
44
53
2e
42
20
20
20
00
09
21
e4
00
13
44
19
f4
00
00
0d
19
0b
7e
11
93
00
00
00
00
00
00
b4
3b
00
13
44
19
f4
00
00
0d
19
0b
7e
63
d1
00
00
00
00
00
00
b4
43
00
24
41
19
f4
00
00
0d
19
0b
7e
b7
73
00
00
00
00
00
00
cf
d7
53
00
00
01
2c
52
44
53
2e
42
20
20
20
00
09
26
94
00
13
44
1a
5c
00
00
0d
19
0b
81
49
ea
00
00
00
00
00
00
cf
b7
00
24
41
1a
5c
00
00
0d
19
0b
82
1f
72
00
00
00
00
00
00
cf
db
42
00
00
01
f4
52
49
4f
20
20
20
20
20
00
09
0d
30
00
13
44
1a
fe
00
00
0d
19
0b
85
a1
31
00
00
00
00
00
00
35
cb
00
24
41
1a
fe
00
00
0d
19
0b
88
b2
26
00
00
00
00
00
00
cf
df
42
00
00
00
c8
52
59
41
41
59
20
20
20
00
0d
6d
80
00
24
41
02
af
00
00
0d
19
0c
11
79
2c
00
00
00
00
00
00
f6
01
53
00
00
00
03
42
41
42
41
20
20
20
20
00
21
73
48
00
24
41
13
9f
00
00
0d
19
0c
53
f5
88
00
00
00
00
00
00
d1
1f
42
00
00
01
f4
4d
44
52
20
20
20
20
20
00
00
3b
60
00
24
41
0e
e8
00
00
0d
19
0c
cf
2e
51
00
00
00
00
00
00
b5
9a
42
00
00
07
6c
48
53
42
43
20
20
20
20
00
05
f7
58
00
24
41
1e
fb
00
00
0d
19
0d
0a
2c
63
00
00
00
00
00
00
9b
a8
53
00
00
02
bc
54
51
51
51
20
20
20
20
00
0d
77
44
00
24
41
0f
a7
00
00
0d
19
0d
84
4b
9a
00
00
00
00
00
00
b6
c6
53
00
00
07
d0
49
44
58
47
20
20
20
20
00
00
23
1e
00
24
41
0d
61
00
00
0d
19
0d
d2
e2
16
00
00
00
00
00
00
b6
fa
42
00
00
01
2c
47
4e
46
54
20
20
20
20
00
03
19
c0
00
17
58
0d
61
00
00
0d
19
0d
d4
2e
a3
00
00
00
00
00
00
76
8a
00
00
00
64
00
24
41
0d
61
00
00
0d
19
0d
f0
ab
89
00
00
00
00
00
00
b6
fe
42
00
00
01
2c
47
4e
46
54
20
20
20
20
00
03
18
f8
00
13
44
17
02
00
00
0d
19
0f
3c
3e
22
00
00
00
00
00
00
61
13
00
24
41
17
02
00
00
0d
19
0f
3e
0c
fc
00
00
00
00
00
00
d4
13
53
00
00
00
64
4f
52
41
20
20
20
20
20
00
0b
50
e0
00
17
58
1d
7f
00
00
0d
19
0f
40
b1
d8
00
00
00
00
00
00
63
2c
00
00
03
20
00
17
58
04
53
00
00
0d
19
0f
42
62
6c
00
00
00
00
00
00
c2
99
00
00
01
50
00
17
58
1f
e2
00
00
0d
19
0f
42
a3
69
00
00
00
00
00
00
86
04
00
00
01
18
00
13
44
1f
2e
00
00
0d
19
0f
43
80
64
00
00
00
00
00
00
63
34
00
17
58
00
7a
00
00
0d
19
0f
45
a5
4a
00
00
00
00
00
00
d0
c1
00
00
03
e8
00
24
41
1f
2e
00
00
0d
19
0f
60
c0
22
00
00
00
00
00
00
9c
68
53
00
00
07
08
54
53
20
20
20
20
20
20
00
03
6a
38
00
24
41
04
53
00
00
0d
19
0f
61
02
27
00
00
00
00
00
00
f9
2d
53
00
00
01
50
42
55
44
20
20
20
20
20
00
0c
9f
a4
00
24
41
1f
2e
00
00
0d
19
0f
7d
cc
0b
00
00
00
00
00
00
9c
6c
53
00
00
0b
b8
54
53
20
20
20
20
20
20
00
03
6b
64
00
24
41
07
de
00
00
0d
19
10
1b
23
49
00
00
00
00
00
00
f9
31
53
00
00
03
84
44
49
41
20
20
20
20
20
00
2b
b8
30
00
24
41
0a
2e
00
00
0d
19
10
92
3a
6a
00
00
00
00
00
00
b7
02
42
00
00
05
14
45
55
52
4e
20
20
20
20
00
01
d8
44
00
13
44
0a
2e
00
00
0d
19
10
93
c4
39
00
00
00
00
00
00
5d
66
00
24
41
0a
2e
00
00
0d
19
10
94
9a
92
00
00
00
00
00
00
b7
06
42
00
00
09
c4
45
55
52
4e
20
20
20
20
00
01
d7
e0
00
13
44
0a
2e
00
00
0d
19
10
95
97
4f
00
00
00
00
00
00
5e
9e
00
13
44
0a
2e
00
00
0d
19
10
96
8a
fd
00
00
00
00
00
00
47
8e
00
24
41
0a
2e
00
00
0d
19
10
96
93
d7
00
00
00
00
00
00
b7
0a
53
00
00
09
c4
45
55
52
4e
20
20
20
20
00
01
da
38
00
13
44
0a
2e
00
00
0d
19
10
98
16
3b
00
00
00
00
00
00
46
26
00
24
41
0a
2e
00
00
0d
19
10
98
dd
bc
00
00
00
00
00
00
b7
0e
53
00
00
09
c4
45
55
52
4e
20
20
20
20
00
01
db
00
00
24
41
0a
2e
00
00
0d
19
10
99
7f
b7
00
00
00
00
00
00
b7
12
53
00
00
09
c4
45
55
52
4e
20
20
20
20
00
01
e8
48
00
24
41
04
53
00
00
0d
19
10
ce
51
68
00
00
00
00
00
00
f9
35
53
00
00
01
50
42
55
44
20
20
20
20
20
00
0c
9f
40
00
24
41
1d
7f
00
00
0d
19
10
cf
90
41
00
00
00
00
00
00
9c
70
53
00
00
03
20
53
54
4d
20
20
20
20
20
00
04
1e
4c
00
17
58
04
53
00
00
0d
19
10
cf
f3
a4
00
00
00
00
00
00
e1
d9
00
00
01
50
00
24
41
1f
2e
00
00
0d
19
10
d0
c9
74
00
00
00
00
00
00
9c
74
53
00
00
07
6c
54
53
20
20
20
20
20
20
00
03
69
d4
00
13
44
1f
2e
00
00
0d
19
10
d3
9f
1d
00
00
00
00
00
00
9c
68
